05 08 08 08 08 08 08 08 08 08 08 08 08 08 08 08 08 08 08 08 08 08 08 08 08 08 08 08 08 08 08 08 08 08 08 08 08 08 08 08 08 08 08 08 08 08 08 08 08 08 08 08 48
09 10 10 10 10 10 10 10 47 10 10 10 10 10 10 10 47 10 10 10 10 10 10 10 47 13 14 14 14 14 14 14 14 14 14 09 45 45 45 45 45 45 45 45 45 45 45 45 45 45 45 45 47 
09 11 11 11 11 11 11 11 47 11 11 11 11 11 11 11 47 11 11 11 11 11 11 11 47 13 14 14 14 14 14 14 14 14 14 09 44 44 44 44 44 44 44 44 44 44 44 44 44 44 44 44 47
09 15 12 12 12 12 12 12 47 15 12 12 12 12 12 12 47 15 12 12 12 12 12 12 47 13 14 14 14 14 14 14 14 14 14 09 18 17 17 17 17 17 17 17 17 17 17 17 17 17 17 17 47
09 15 12 12 12 12 12 12 47 15 12 12 12 12 12 12 47 15 12 12 12 12 12 12 47 13 14 14 14 14 14 14 14 14 14 09 18 17 17 17 17 17 17 17 17 17 17 17 17 17 17 17 47
09 15 12 12 12 12 12 12 47 15 12 12 12 12 12 12 47 15 12 12 12 12 12 12 47 13 14 14 14 14 14 14 14 14 14 09 18 17 17 17 17 17 17 17 17 17 17 17 17 17 17 17 47
09 15 12 12 12 12 12 12 47 15 12 12 12 12 12 12 47 15 12 12 12 12 12 12 47 13 14 14 14 14 14 14 14 14 14 17 19 17 17 17 17 17 17 17 17 17 17 17 17 17 17 17 47
09 15 12 12 12 12 12 12 47 15 12 12 12 12 12 12 47 15 12 12 12 12 12 12 47 13 14 14 14 14 14 14 14 14 14 17 17 17 17 17 17 17 17 17 17 17 17 17 17 17 17 17 47
09 15 12 12 12 12 12 12 47 15 12 12 12 12 12 12 47 15 12 12 12 12 12 12 47 13 14 14 14 14 14 14 14 14 14 09 20 17 17 17 17 17 17 17 17 17 17 17 17 17 17 17 47
09 15 12 12 12 12 12 12 47 15 12 12 12 12 12 12 47 15 12 12 12 12 12 12 47 13 14 14 14 14 14 14 14 14 14 09 18 17 17 17 17 17 17 17 17 17 17 17 17 17 17 17 47
09 08 08 08 12 12 08 08 08 08 08 08 12 12 08 08 08 08 08 08 12 12 08 08 08 13 14 14 14 14 14 14 14 14 14 09 18 17 17 17 17 17 17 17 17 17 17 17 17 17 17 17 47
09 13 14 14 14 14 14 14 14 14 14 14 14 14 14 14 14 14 14 14 14 14 14 14 14 14 14 14 14 14 14 14 14 14 14 09 08 08 08 08 08 08 08 08 08 08 08 08 08 08 08 08 08 08 08 08 48
09 13 14 14 14 14 14 14 14 14 14 14 14 14 14 14 14 14 14 14 14 14 14 14 14 14 14 14 14 14 14 14 14 14 14 09 32 32 32 32 32 32 32 32 09 38 38 38 38 38 38 38 38 38 38 38 47
09 13 14 14 14 14 14 14 14 14 14 14 14 14 14 14 14 14 14 14 14 14 14 14 14 14 14 14 14 14 14 14 14 14 14 09 33 33 33 33 33 33 33 33 09 39 39 39 39 39 39 39 39 39 39 39 47
09 13 14 14 14 14 14 14 14 14 14 14 14 14 14 14 14 14 14 14 14 14 14 14 14 14 14 14 14 14 14 14 14 14 14 09 35 35 35 35 35 35 35 35 09 36 37 37 37 37 37 37 37 37 37 37 47
09 13 14 14 14 14 14 14 14 14 14 14 14 14 14 14 14 14 14 14 14 14 14 14 14 14 14 14 14 14 14 14 14 14 14 09 35 35 35 35 35 35 35 35 09 36 37 37 37 37 37 37 37 37 37 37 47
05 08 08 08 08 08 08 08 08 08 08 08 08 08 48 24 24 24 24 24 24 24 05 08 08 08 08 08 08 08 08 08 08 08 08 08 35 35 35 35 35 35 35 35 09 36 37 37 37 37 37 37 37 37 37 37 47
09 28 28 28 28 28 28 28 28 28 28 28 28 28 47 24 24 24 24 24 24 24 09 32 32 32 32 32 32 32 32 32 32 32 32 32 35 35 35 35 35 35 35 35 09 36 37 37 37 37 37 37 37 37 37 37 47
09 27 27 27 27 27 27 27 27 27 27 27 27 27 47 24 24 24 24 24 24 24 09 33 33 33 33 33 33 33 33 33 33 33 33 33 35 35 35 35 35 35 35 35 09 36 37 37 37 37 37 37 37 37 37 37 47
09 21 22 22 22 22 22 22 22 22 22 22 22 22 47 24 24 24 24 24 24 24 09 35 35 35 35 35 35 35 35 35 35 35 35 35 35 35 35 35 35 35 35 35 09 36 37 37 37 37 37 37 37 37 37 37 47
09 21 22 22 22 22 22 22 22 22 22 22 22 22 47 24 24 24 24 24 24 24 09 35 35 35 35 35 35 35 35 35 35 35 35 35 35 35 35 35 35 35 35 35 09 36 37 37 37 37 37 37 37 37 37 37 47
09 21 22 22 22 22 22 22 22 22 22 22 22 22 47 24 24 24 24 24 24 24 09 35 35 35 35 35 35 35 35 35 35 35 35 35 35 35 35 35 35 35 35 35 09 36 37 37 37 37 37 37 37 37 37 37 47
09 21 22 22 22 22 22 22 22 22 22 22 22 22 47 24 24 24 24 24 24 24 09 35 35 35 35 35 35 35 35 35 35 35 35 35 35 35 35 35 35 35 35 35 09 36 37 37 37 37 37 37 37 37 37 37 47
09 21 22 22 22 22 22 22 22 22 22 22 22 22 47 24 24 24 24 24 24 24 09 35 35 35 35 35 35 35 35 35 35 35 35 35 35 35 35 35 35 35 35 35 09 36 37 37 37 37 37 37 37 37 37 37 47
09 21 22 22 22 22 22 22 22 22 22 22 22 22 47 24 24 24 24 24 24 24 09 35 35 35 35 35 35 35 35 35 35 35 35 35 35 35 35 35 35 35 35 35 09 36 37 37 37 37 37 37 37 37 37 37 47 
09 08 08 22 22 08 08 08 08 08 08 08 08 08 08 24 24 24 24 24 24 24 08 08 08 08 08 08 08 08 08 08 08 08 08 08 08 08 08 08 35 35 08 08 08 08 08 37 37 08 08 08 08 08 08 08 08 08 08
09 23 24 24 24 24 24 24 24 24 24 24 24 24 24 24 24 24 24 24 24 24 24 24 24 24 24 24 24 24 24 24 24 24 24 24 24 24 24 24 24 24 24 24 24 24 24 24 24 24 24 24 24 24 24 24 24 24 47
09 23 24 24 24 24 24 24 24 24 24 24 24 24 24 24 24 24 24 24 24 24 24 24 24 24 24 24 24 24 24 24 24 24 24 24 24 24 24 24 24 24 24 24 24 24 24 24 24 24 24 24 24 24 24 24 24 24 47
09 23 24 24 24 24 24 24 24 24 24 24 24 24 24 24 24 24 24 24 24 24 24 24 24 24 24 24 24 24 24 24 24 24 24 24 24 24 24 24 24 24 24 24 24 24 24 24 24 24 24 24 24 24 24 24 24 24 47
09 23 24 24 24 24 24 24 24 24 24 24 24 24 24 24 24 24 24 24 24 24 24 24 24 24 24 24 24 24 24 24 24 24 24 24 24 24 24 24 24 24 24 24 24 24 24 24 24 24 24 24 24 24 24 24 24 24 47
09 23 24 24 24 24 24 24 24 24 24 24 24 24 24 24 24 24 24 24 24 24 24 24 24 24 24 24 24 24 24 24 24 24 24 24 24 24 24 24 24 24 24 24 24 24 24 24 24 24 24 24 24 24 24 24 24 24 47
09 23 24 24 24 24 24 24 24 24 24 24 24 24 24 24 24 24 24 24 24 24 24 24 24 24 24 24 24 24 24 24 24 24 24 24 24 24 24 24 24 24 24 24 24 24 24 24 24 24 24 24 24 24 24 24 24 24 47
09 08 08 08 08 08 08 08 08 08 24 24 08 08 48 24 24 24 24 24 24 24 05 08 08 24 24 08 08 08 08 08 08 08 08 08 08 08 08 08 08 48 08 08 08 08 08 08 08 08 08 08 08 08 08 08 08 08 08
09 42 42 42 42 42 42 42 42 42 24 24 42 42 47 24 24 24 24 24 24 24 09 42 42 24 24 42 42 42 42 42 42 42 42 42 42 42 42 42 42 47
09 43 43 43 43 43 43 43 43 43 24 24 43 43 47 24 24 24 24 24 24 24 09 43 43 24 24 43 43 43 43 43 43 43 43 43 43 43 43 43 43 47
09 22 22 22 22 22 22 22 22 22 22 22 22 22 47 24 24 24 24 24 24 24 09 40 41 41 41 41 41 41 41 41 41 41 41 41 41 41 41 41 41 47
09 22 22 22 22 22 22 22 22 22 22 22 22 22 47 24 24 24 24 24 24 24 09 40 41 41 41 41 41 41 41 41 41 41 41 41 41 41 41 41 41 47
09 22 22 22 22 22 22 22 22 22 22 22 22 22 47 24 24 24 24 24 24 24 09 40 41 41 41 41 41 41 41 41 41 41 41 41 41 41 41 41 41 47
09 22 22 22 22 22 22 22 22 22 22 22 22 22 47 24 24 24 24 24 24 24 09 40 41 41 41 41 41 41 41 41 41 41 41 41 41 41 41 41 41 47 
09 22 22 22 22 22 22 22 22 22 22 22 22 22 47 24 24 24 24 24 24 24 09 40 41 41 41 41 41 41 41 41 41 41 41 41 41 41 41 41 41 47
09 22 22 22 22 22 22 22 22 22 22 22 22 22 47 24 24 24 24 24 24 24 09 40 41 41 41 41 41 41 41 41 41 41 41 41 41 41 41 41 41 47
09 08 08 08 08 08 08 08 08 08 08 08 08 08 48 24 24 24 24 24 24 24 05 08 08 08 08 08 08 08 08 08 08 08 08 08 08 08 08 08 08 48 
09 31 31 31 31 31 31 31 31 31 31 31 31 31 47 24 24 24 24 24 24 24 09 45 45 45 45 45 45 45 45 45 45 45 45 45 45 45 45 45 45 47
09 31 31 31 31 31 31 31 31 31 31 31 31 31 47 24 24 24 24 24 24 24 09 44 44 44 44 44 44 44 44 44 44 44 44 44 44 44 44 44 44 47
09 37 37 37 37 37 37 37 37 37 37 37 37 37 47 24 24 24 24 24 24 24 09 46 46 46 46 46 46 46 46 46 46 46 46 46 46 46 46 46 46 47
09 37 37 37 37 37 37 37 37 37 37 37 37 37 37 24 24 24 24 24 24 24 09 46 46 46 46 46 46 46 46 46 46 46 46 46 46 46 46 46 46 47
09 37 37 37 37 37 37 37 37 37 37 37 37 37 37 24 24 24 24 24 24 24 09 46 46 46 46 46 46 46 46 46 46 46 46 46 46 46 46 46 46 47
09 37 37 37 37 37 37 37 37 37 37 37 37 37 47 24 24 24 24 24 24 24 46 46 46 46 46 46 46 46 46 46 46 46 46 46 46 46 46 46 46 47
09 37 37 37 37 37 37 37 37 37 37 37 37 37 47 24 24 24 24 24 24 24 46 46 46 46 46 46 46 46 46 46 46 46 46 46 46 46 46 46 46 47
09 37 37 37 37 37 37 37 37 37 37 37 37 37 47 24 24 24 24 24 24 24 09 46 46 46 46 46 46 46 46 46 46 46 46 46 46 46 46 46 46 47
09 08 08 08 08 08 08 08 08 08 08 08 08 08 08 24 24 24 24 24 24 24 08 08 08 08 08 08 08 08 08 08 08 08 08 08 08 08 08 08 08 08
09 24 24 24 24 24 24 24 24 24 24 24 24 24 24 24 24 24 24 24 24 24 24 24 24 24 24 24 24 24 24 24 24 24 24 24 24 24 24 24 24 47
09 24 24 24 24 24 24 24 24 24 24 24 24 24 24 24 24 24 24 24 24 24 24 24 24 24 24 24 24 24 24 24 24 24 24 24 24 24 24 24 24 47
09 24 24 24 24 24 24 24 24 24 24 24 24 24 24 24 24 24 24 24 24 24 24 24 24 24 24 24 24 24 24 24 24 24 24 24 24 24 24 24 24 47
09 24 24 24 24 24 24 24 24 24 24 24 24 24 24 24 24 24 24 24 24 24 24 24 24 24 24 24 24 24 24 24 24 24 24 24 24 24 24 24 24 47
09 24 24 24 24 24 24 24 24 24 24 24 24 24 24 24 24 24 24 24 24 24 24 24 24 24 24 24 24 24 24 24 24 24 24 24 24 24 24 24 24 47
09 24 24 24 24 24 24 24 24 24 24 24 24 24 24 24 24 24 24 24 24 24 24 24 24 24 24 24 24 24 24 24 24 24 24 24 24 24 24 24 24 47
09 24 24 24 24 24 24 24 24 24 24 24 24 24 24 24 24 24 24 24 24 24 24 24 24 24 24 24 24 24 24 24 24 24 24 24 24 24 24 24 24 47
09 24 24 24 24 24 24 24 24 24 24 24 24 24 24 24 24 24 24 24 24 24 24 24 24 24 24 24 24 24 24 24 24 24 24 24 24 24 24 24 24 47
09 24 24 24 24 24 24 24 24 24 24 24 24 24 24 24 24 24 24 24 24 24 24 24 24 24 24 24 24 24 24 24 24 24 24 24 24 24 24 24 24 47
09 24 24 24 24 24 24 24 24 24 24 24 24 24 24 24 24 24 24 24 24 24 05 08 08 24 24 08 08 08 08 08 08 08 08 08 08 08 08 08 08 48
09 24 24 24 24 24 24 24 24 24 24 24 24 24 24 24 24 24 24 24 24 24 09 32 32 24 24 32 32 32 32 32 32 32 32 32 32 32 32 32 32 47
09 24 24 24 24 24 24 24 24 24 24 24 24 24 24 24 24 24 24 24 24 24 09 33 33 24 24 33 33 33 33 33 33 33 33 33 33 33 33 33 33 47
09 24 24 24 24 24 24 24 24 24 24 24 24 24 24 24 24 24 24 24 24 24 09 24 24 24 24 24 24 24 24 24 24 24 24 24 24 24 24 24 24 47
08 08 08 08 08 08 08 08 08 08 08 24 24 08 48 24 24 24 24 24 24 24 09 24 24 24 24 24 24 24 24 24 24 24 24 24 24 24 24 24 24 47
09 25 25 25 25 25 25 25 25 25 25 24 24 25 47 24 24 24 24 24 24 24 09 24 24 24 24 24 24 24 24 24 24 24 24 24 24 24 24 24 24 47
09 26 26 26 26 26 26 26 26 26 26 24 24 26 47 24 24 24 24 24 24 24 09 24 24 24 24 24 24 24 24 24 24 24 24 24 24 24 24 24 24 47
09 24 24 24 24 24 24 24 24 24 24 24 24 24 47 24 24 24 24 24 24 24 09 24 24 24 24 24 24 24 24 24 24 24 24 24 24 24 24 24 24 47
09 24 24 24 24 24 24 24 24 24 24 24 24 24 47 24 24 24 24 24 24 24 09 24 24 24 24 24 24 24 24 24 24 24 24 24 24 24 24 24 24 47
09 24 24 24 24 24 24 24 24 24 24 24 24 24 47 24 24 24 24 24 24 24 09 24 24 24 24 24 24 24 24 24 24 24 24 24 24 24 24 24 24 47
09 24 24 24 24 24 24 24 24 24 24 24 24 24 47 24 24 24 24 24 24 24 09 24 24 24 24 24 24 24 24 24 24 24 24 24 24 24 24 24 24 47
09 24 24 24 24 24 24 24 24 24 24 24 24 24 47 24 24 24 24 24 24 24 09 24 24 24 24 24 24 24 24 24 24 24 24 24 24 24 24 24 24 47
09 24 24 24 24 24 24 24 24 24 24 24 24 24 47 24 24 24 24 24 24 24 09 24 24 24 24 24 24 24 24 24 24 24 24 24 24 24 24 24 24 47
09 24 24 24 24 24 24 24 24 24 24 24 24 24 47 24 24 24 24 24 24 24 09 24 24 24 24 24 24 24 24 24 24 24 24 24 24 24 24 24 24 47
09 24 24 24 24 24 24 24 24 24 24 24 24 24 47 24 24 24 24 24 24 24 09 24 24 24 24 24 24 24 24 24 24 24 24 24 24 24 24 24 24 47
09 24 24 24 24 24 24 24 24 24 24 24 24 24 47 24 24 24 24 24 24 24 09 24 24 24 24 24 24 24 24 24 24 24 24 24 24 24 24 24 24 47
08 08 08 08 08 08 08 08 08 08 08 08 08 08 08 08 08 08 08 08 08 08 08 08 08 08 08 08 08 08 08 08 08 08 08 08 08 08 08 08 08 08